lastAccountName: Breitiiiii
timestamps:
  login: 1507833103057
  logout: 1507834609117
ipAddress: 84.147.160.10
lastlocation:
  world: world
  x: 1663.699999988079
  y: 93.0
  z: 633.4409415029513
  yaw: -83.0999
  pitch: 66.29997
logoutlocation:
  world: world
  x: 1626.404367518425
  y: 73.0
  z: 627.7270720088817
  yaw: -271.40808
  pitch: 23.699966
afk: false
