lastAccountName: xNako
timestamps:
  login: 1503330650772
  logout: 1503330666146
ipAddress: 92.204.85.91
logoutlocation:
  world: world
  x: 930.8969574804644
  y: 64.0
  z: -103.69120630878024
  yaw: -271.3483
  pitch: 35.7001
