lastAccountName: DarkLuna89
timestamps:
  login: 1510951244250
  logout: 1510952267027
  lastteleport: 1506970258990
ipAddress: 87.122.1.190
lastlocation:
  world: world
  x: 931.3953163328706
  y: 71.0
  z: 305.0779169776266
  yaw: 356.99994
  pitch: 3.7500012
logoutlocation:
  world: world
  x: 1101.699999988079
  y: 75.0
  z: 352.30000001192093
  yaw: 3.2974958
  pitch: 16.200003
homes:
  home:
    world: world
    x: 1101.699999988079
    y: 75.0
    z: 352.30000001192093
    yaw: -353.5525
    pitch: 8.700002
afk: false
