lastAccountName: PixelCubeYT
timestamps:
  login: 1505042259055
  logout: 1505046037596
  lastteleport: 1505044899404
ipAddress: 95.208.250.136
lastlocation:
  world: world
  x: 971.9698175129008
  y: 75.0
  z: 476.71970144477183
  yaw: -269.94476
  pitch: 15.19419
logoutlocation:
  world: farmwelt
  x: 378.56436944275674
  y: 67.0
  z: -2273.547585283016
  yaw: 240.18433
  pitch: -4.6176047
