lastAccountName: yunghousten
timestamps:
  login: 1508525002117
  logout: 1508526055324
ipAddress: 146.52.177.100
lastlocation:
  world: world
  x: 914.3000000119209
  y: 76.0
  z: 334.39083787263723
  yaw: -6.75
  pitch: 1.4999999
logoutlocation:
  world: world
  x: 734.6215271626754
  y: 68.0
  z: 371.1487802983352
  yaw: -5.8635254
  pitch: 17.100098
