lastAccountName: DerSTEFAN5000
timestamps:
  login: 1513184986492
  lastteleport: 1513185018447
  logout: 1513185834696
ipAddress: 80.89.108.83
lastlocation:
  world: world
  x: 914.0997679600844
  y: 76.65561783313751
  z: 336.1183300280979
  yaw: 236.70004
  pitch: 21.45001
logoutlocation:
  world: world
  x: 976.9784325837663
  y: 51.0
  z: 493.75436953847213
  yaw: -191.72835
  pitch: 40.050007
