lastAccountName: crazyCrafterT
timestamps:
  login: 1513631969243
  lastteleport: 1513630385655
  logout: 1513632942742
ipAddress: 93.196.196.113
lastlocation:
  world: world
  x: 840.2810097355975
  y: 68.0
  z: 305.05137546887363
  yaw: -329.9998
  pitch: 15.749986
homes:
  vault:
    world: world
    x: 3791.2876405163
    y: 58.0
    z: 2134.857593499752
    yaw: 2.619873
    pitch: 8.849967
  raum:
    world: world
    x: 3128.7191125496684
    y: 37.0
    z: 768.0769941241887
    yaw: 108.87695
    pitch: -2.2499466
logoutlocation:
  world: world
  x: 3057.8491651065697
  y: 28.0
  z: 789.1502399244945
  yaw: 20.980864
  pitch: 64.049965
afk: false
