lastAccountName: leRiggs
timestamps:
  login: 1505068383482
  logout: 1505068453650
ipAddress: 91.33.74.223
logoutlocation:
  world: world
  x: 676.6305457044925
  y: 63.0
  z: 234.09414928350841
  yaw: -10.983367
  pitch: 17.967394
