lastAccountName: Dorikan
timestamps:
  login: 1514486264406
  logout: 1514412721861
  lastteleport: 1514488349695
ipAddress: 91.59.151.155
lastlocation:
  world: world
  x: 955.2375000119209
  y: 70.0
  z: 90.39564104102618
  yaw: -212.70374
  pitch: 10.500338
logoutlocation:
  world: world
  x: -1755.2433519586439
  y: 51.0
  z: 2883.311122248765
  yaw: 270.68103
  pitch: 14.7
homes:
  new:
    world: world
    x: -1756.7191046655878
    y: 51.0
    z: 2911.2119485807857
    yaw: 175.13177
    pitch: 25.950031
  dorf:
    world: world
    x: -1684.8994682140162
    y: 64.0
    z: 2924.7112060947534
    yaw: -74.76812
    pitch: 16.650148
  zisiru:
    world: world
    x: -51.6575200614832
    y: 71.0
    z: 2643.6551102808044
    yaw: 13.953278
    pitch: 9.300034
afk: true
