lastAccountName: Ruyven
timestamps:
  login: 1511616911287
  logout: 1511619542474
  lastteleport: 1511008383192
ipAddress: 122.42.151.114
lastlocation:
  world: world
  x: 1902.9081864471684
  y: 67.0
  z: 5751.52579185307
  yaw: -15.036255
  pitch: -11.211042
logoutlocation:
  world: world
  x: 1286.8500939249514
  y: 113.0
  z: 5564.277228228128
  yaw: 88.73523
  pitch: -75.54518
homes:
  home:
    world: world
    x: 1285.558699298244
    y: 113.0
    z: 5562.645103983299
    yaw: -293.61346
    pitch: -7.628251
