lastAccountName: Alexander1912
timestamps:
  login: 1511109109800
  logout: 1511109152876
  lastteleport: 1503949390486
ipAddress: 87.188.48.16
lastlocation:
  world: farmwelt
  x: 129.09859868291778
  y: 12.0
  z: 457.75246668313434
  yaw: 146.40356
  pitch: 34.199986
logoutlocation:
  world: world
  x: 970.3312731845757
  y: 70.0
  z: 258.38189956690513
  yaw: -296.2663
  pitch: 26.400015
homes:
  home:
    world: world
    x: 962.876778223763
    y: 70.0
    z: 261.03997198260794
    yaw: -84.453125
    pitch: 31.049856
