lastAccountName: Golok
timestamps:
  login: 1503578112382
  logout: 1503578861799
  lastteleport: 1503578550564
ipAddress: 91.7.180.186
lastlocation:
  world: farmwelt
  x: -481.4186367310801
  y: 67.0
  z: -3.6448590629618907
  yaw: -183.75397
  pitch: 18.00014
logoutlocation:
  world: world
  x: 969.382217544035
  y: 72.0
  z: 258.2414756327957
  yaw: -112.50038
  pitch: 15.150003
