lastAccountName: moeller_
timestamps:
  login: 1508526902154
  lastteleport: 1508443881940
  logout: 1508527612695
ipAddress: 79.244.34.15
lastlocation:
  world: Farmwelt
  x: 85.51984905404271
  y: 64.0
  z: 278.1891631067274
  yaw: -181.654
  pitch: 8.27819
logoutlocation:
  world: world
  x: 1356.5973458488488
  y: 80.0
  z: -291.9042762291225
  yaw: -24.713455
  pitch: 46.49549
