lastAccountName: Donaufreak
timestamps:
  login: 1511227525894
  lastteleport: 1511140185001
  logout: 1511229387719
ipAddress: 95.90.194.196
lastlocation:
  world: world
  x: 1181.663776397482
  y: 43.39592569488199
  z: 394.8125390488972
  yaw: 122.43506
  pitch: 13.707613
afk: false
logoutlocation:
  world: world
  x: 493.95515953013836
  y: 68.0
  z: 154.95630570674894
  yaw: 5.3986816
  pitch: 15.150139
homes:
  home:
    world: world
    x: 867.1837302416648
    y: 43.0
    z: 225.53463269936918
    yaw: 88.65014
    pitch: 37.950005
  donaufreak:
    world: world
    x: 985.5
    y: 70.0
    z: 943.5
    yaw: -177.89952
    pitch: 10.050034
