lastAccountName: DrSocke
timestamps:
  login: 1507816007547
  lastteleport: 1507817165763
  logout: 1507817747063
  jail: 0
ipAddress: 188.97.85.159
lastlocation:
  world: world
  x: 842.6999999880791
  y: 68.0
  z: 285.12462199115765
  yaw: 286.17905
  pitch: 16.401342
afk: false
homes:
  haus:
    world: world
    x: 1216.40394774048
    y: 76.0
    z: -539.5227453302634
    yaw: 269.73715
    pitch: 8.777217
  basis:
    world: world
    x: 1233.208623939431
    y: 20.0
    z: -526.4437308087452
    yaw: -89.402435
    pitch: 17.754246
logoutlocation:
  world: world
  x: 1227.6754849601057
  y: 20.0
  z: -534.1824409896464
  yaw: -144.81741
  pitch: 4.608829
jailed: false
