lastAccountName: Noobstar0815
timestamps:
  login: 1509563674459
  logout: 1509563961510
ipAddress: 178.201.233.96
lastlocation:
  world: world
  x: 914.3000000119209
  y: 76.0
  z: 334.39083787263723
  yaw: -6.75
  pitch: 1.4999999
logoutlocation:
  world: world
  x: 2893.5927684377007
  y: 64.0
  z: 1081.891430065801
  yaw: -97.23755
  pitch: 6.299939
