lastAccountName: oszylerulz
timestamps:
  login: 1504535741477
  logout: 1504537772995
  lastteleport: 1504474166563
ipAddress: 95.91.250.37
lastlocation:
  world: world
  x: 1123.9518883583887
  y: 50.0
  z: 1047.5607433655587
  yaw: 166.80225
  pitch: 39.00002
logoutlocation:
  world: world
  x: 1955.4653875397648
  y: 63.0
  z: -199.4951273343901
  yaw: -298.345
  pitch: 10.199993
afk: false
