lastAccountName: Renexfx
timestamps:
  login: 1507460885199
  logout: 1507460927069
  lastteleport: 1507460638876
ipAddress: 62.225.234.211
lastlocation:
  world: world
  x: 1878.7448598756384
  y: 87.97922873937944
  z: 2876.6989235616784
  yaw: 278.38757
  pitch: -1.4999971
logoutlocation:
  world: world
  x: 2078.1182302166585
  y: 82.19873003124596
  z: 3130.613508591809
  yaw: -289.6635
  pitch: 22.799967
afk: false
homes:
  home:
    world: world
    x: 2032.7542558563405
    y: 51.0
    z: 3116.20020871119
    yaw: 54.7369
    pitch: 14.099946
  zuhause:
    world: world
    x: 2034.3014336125307
    y: 50.0
    z: 3117.8039871345145
    yaw: -28.963108
    pitch: 8.849949
