lastAccountName: Landwirtgamer03
timestamps:
  login: 1509277838824
  lastteleport: 1506007592943
  logout: 1509277923269
ipAddress: 93.94.4.1
lastlocation:
  world: world
  x: 872.5
  y: 76.0
  z: 258.5
  yaw: 0.0
  pitch: 0.0
afk: false
logoutlocation:
  world: world
  x: 799.1768965798124
  y: 6.0
  z: 281.212871065175
  yaw: -169.08643
  pitch: 25.124224
