lastAccountName: valiTastisch
timestamps:
  login: 1505151106150
  lastteleport: 1504865628178
  logout: 1505155528252
ipAddress: 80.141.18.47
lastlocation:
  world: farmwelt
  x: -168.31639866451303
  y: 5.0
  z: 353.6816357939829
  yaw: 263.3999
  pitch: 14.999838
logoutlocation:
  world: world
  x: 942.4867110373935
  y: 80.0
  z: 499.6723191879171
  yaw: 26.398438
  pitch: 48.149975
homes:
  home:
    world: world
    x: 972.3157487920047
    y: 75.0
    z: 476.9625874529251
    yaw: 19.221575
    pitch: 25.649832
afk: false
