lastAccountName: Lahy
timestamps:
  login: 1514494464643
  logout: 1514494933311
  lastteleport: 1513450211389
ipAddress: 95.90.219.122
lastlocation:
  world: world
  x: -1652.1688622663087
  y: 64.0
  z: 2884.1337576536157
  yaw: 28.893188
  pitch: -10.782511
logoutlocation:
  world: world
  x: 2191.072021998265
  y: 68.0
  z: 4280.970085675919
  yaw: 68.33013
  pitch: 16.649927
homes:
  home:
    world: world
    x: 1299.980744537371
    y: 62.0
    z: 378.2659920590913
    yaw: 150.31384
    pitch: 10.049688
  boaschdi1988:
    world: world
    x: 1262.08131907714
    y: 64.0
    z: 337.45621668530697
    yaw: -172.64995
    pitch: 25.650005
  boaschdi:
    world: world
    x: 1262.3829602684043
    y: 64.0
    z: 337.3745116460067
    yaw: 179.24937
    pitch: 21.000044
