lastAccountName: Charly_Harper1
timestamps:
  login: 1504519859598
  logout: 1504521506554
  lastteleport: 1504521277794
ipAddress: 77.117.185.236
lastlocation:
  world: world
  x: 2050.7725696793364
  y: 70.0
  z: 1323.556328203261
  yaw: -85.773926
  pitch: 7.3500752
logoutlocation:
  world: world
  x: 3082.7643429779423
  y: 35.0
  z: 740.8831975611986
  yaw: -75.58325
  pitch: 13.199939
homes:
  home:
    world: world
    x: 2982.567488295004
    y: 59.0
    z: 533.8551396387506
    yaw: -244.6322
    pitch: 21.599974
afk: false
