lastAccountName: IIMNII
timestamps:
  login: 1503257321601
  lastteleport: 1503154108579
  logout: 1503253877093
ipAddress: 87.78.24.83
lastlocation:
  world: world
  x: 1012.4891520553306
  y: 36.0
  z: -110.89815775560605
  yaw: -103.350006
  pitch: 28.80004
homes:
  home:
    world: world
    x: 932.3000000119209
    y: 64.0
    z: -103.58322396111353
    yaw: -90.89624
    pitch: 19.80004
logoutlocation:
  world: world
  x: 931.8192063603361
  y: 64.0
  z: -103.48750001192093
  yaw: -271.34576
  pitch: 26.850021
