lastAccountName: Scarface1917
timestamps:
  login: 1514495380295
  logout: 1514495360409
  lastteleport: 1514497873080
ipAddress: 93.197.199.69
lastlocation:
  world: world
  x: -662.5731506075695
  y: 70.0
  z: 1102.3857128614584
  yaw: -48.778053
  pitch: 23.399689
logoutlocation:
  world: world
  x: -846.304492851013
  y: 16.0
  z: -2268.699999988079
  yaw: 39.067642
  pitch: 19.349575
homes:
  home:
    world: world
    x: -18.30000001192093
    y: 83.0
    z: 1480.846457682181
    yaw: 182.76453
    pitch: 15.900239
  querry:
    world: Farmwelt
    x: -266.69999998807907
    y: 63.0
    z: 716.4399461625992
    yaw: 243.14998
    pitch: 35.399998
  tour:
    world: world
    x: -197.65004119350965
    y: 156.1053715260033
    z: 347.98387979608674
    yaw: -204.98749
    pitch: 29.849743
afk: false
