lastAccountName: Smiligo
timestamps:
  login: 1508624565687
  logout: 1508493883941
ipAddress: 91.17.76.147
lastlocation:
  world: world
  x: 914.3000000119209
  y: 76.0
  z: 334.39083787263723
  yaw: -6.75
  pitch: 1.4999999
logoutlocation:
  world: world
  x: 909.830315095698
  y: 76.0
  z: 332.9778047291646
  yaw: 347.69998
  pitch: 16.949986
