lastAccountName: rsjabber42
timestamps:
  login: 1507464453030
  logout: 1507466762808
  lastteleport: 1507466514359
ipAddress: 80.143.94.89
logoutlocation:
  world: world
  x: 1230.9699867283696
  y: 11.0
  z: 119.73720271276592
  yaw: 252.14998
  pitch: 34.500034
lastlocation:
  world: world
  x: 1232.699999988079
  y: 9.928015563502909
  z: 119.69999998807907
  yaw: 152.09995
  pitch: 72.30004
afk: false
