lastAccountName: G4m3rkind
timestamps:
  login: 1513612450125
  logout: 1513613925637
  lastteleport: 1513613508230
ipAddress: 84.165.169.61
lastlocation:
  world: world
  x: 960.0951602521476
  y: 80.0
  z: 261.04294842465026
  yaw: 83.83844
  pitch: -26.399677
logoutlocation:
  world: world
  x: 3818.4607442464567
  y: 57.0
  z: 2093.844762912409
  yaw: 94.06592
  pitch: -0.21778828
afk: false
homes:
  heimat:
    world: world
    x: 3084.2537028045244
    y: 65.0
    z: 721.2790445022006
    yaw: 178.79999
    pitch: 19.799618
  deepdark:
    world: DIM-100
    x: 1052.693258440052
    y: 13.0
    z: 380.3415336071587
    yaw: 94.05095
    pitch: 3.2997684
  vault:
    world: world
    x: 3786.487135313739
    y: 57.0
    z: 2113.990668312706
    yaw: 0.32641602
    pitch: 13.7326145
