lastAccountName: That_Dragon
timestamps:
  login: 1512301069238
  logout: 1512301416702
ipAddress: 93.210.71.156
lastlocation:
  world: world
  x: 914.3000000119209
  y: 76.0
  z: 334.39083787263723
  yaw: -6.75
  pitch: 1.4999999
logoutlocation:
  world: world
  x: 1760.5159103697285
  y: 68.0
  z: -3.0761192754150226
  yaw: 247.2019
  pitch: 20.699972
