lastAccountName: Shoukou
timestamps:
  login: 1508427999835
  logout: 1508428510405
ipAddress: 178.8.215.202
lastlocation:
  world: world
  x: 914.3000000119209
  y: 76.0
  z: 334.39083787263723
  yaw: -6.75
  pitch: 1.4999999
logoutlocation:
  world: world
  x: 1015.5074845884182
  y: 65.0
  z: -117.52163745195143
  yaw: 197.12202
  pitch: 35.946556
