lastAccountName: DerF4bi
timestamps:
  login: 1504476550520
  logout: 1504476920272
  lastteleport: 1504476918022
ipAddress: 87.135.152.110
lastlocation:
  world: world
  x: 802.5855065724952
  y: 65.0
  z: 473.2765553258681
  yaw: -331.65662
  pitch: -45.900032
logoutlocation:
  world: world
  x: 912.789286930939
  y: 76.0
  z: 331.4652188208353
  yaw: 77.55
  pitch: 22.05
