lastAccountName: Skilling_Machine
timestamps:
  login: 1503578092538
  logout: 1503578524059
ipAddress: 93.227.7.208
lastlocation:
  world: world
  x: 241.5
  y: 69.0
  z: -111.5
  yaw: 0.0
  pitch: 0.0
logoutlocation:
  world: farmwelt
  x: -466.0359599373716
  y: 66.0
  z: 30.781519718008845
  yaw: 325.4532
  pitch: 20.339058
