lastAccountName: HeLLRaizz0r
timestamps:
  login: 1508406756030
  lastteleport: 1508276052917
  logout: 1508408227979
ipAddress: 92.72.88.71
lastlocation:
  world: world
  x: 729.465667908663
  y: 18.0
  z: 276.92221186910194
  yaw: -204.29895
  pitch: 6.299966
logoutlocation:
  world: world
  x: 782.6665091297251
  y: 64.0
  z: 473.62699121355536
  yaw: 182.39886
  pitch: 33.90004
afk: false
