lastAccountName: Royal_Bluemeanie
timestamps:
  login: 1514506569236
  lastteleport: 1514485090750
  logout: 1514486805990
ipAddress: 134.101.247.147
lastlocation:
  world: world
  x: 375.39320110314407
  y: 27.0
  z: 1122.0535894429224
  yaw: 8.403809
  pitch: 9.749848
logoutlocation:
  world: world
  x: 525.9097818746462
  y: 68.0
  z: 5422.759330022814
  yaw: -28.799255
  pitch: 24.450161
homes:
  dorikan:
    world: world
    x: -1697.9298456266752
    y: 64.0
    z: 2935.776577752207
    yaw: 86.03156
    pitch: 12.749994
  hill:
    world: world
    x: 493.5
    y: 108.0
    z: 5369.5
    yaw: -337.64853
    pitch: 3.4500098
  shaz:
    world: world
    x: 2050.5
    y: 65.0
    z: 3133.5
    yaw: 347.53336
    pitch: 24.449734
afk: false
