lastAccountName: Menticore666
timestamps:
  login: 1508566101615
  lastteleport: 1506152607626
  logout: 1508566307273
ipAddress: 46.86.114.226
lastlocation:
  world: world
  x: 915.7731468917301
  y: 76.0
  z: 333.34425124078297
  yaw: 18.15033
  pitch: 16.500015
logoutlocation:
  world: world
  x: 1194.3100645683055
  y: 39.0
  z: 421.32040629154426
  yaw: 96.90357
  pitch: 11.849996
homes:
  home:
    world: world
    x: 1170.025184528734
    y: 81.0
    z: 596.0199281747672
    yaw: 127.20465
    pitch: 44.84997
afk: false
