lastAccountName: shyfunnygirl
timestamps:
  login: 1512851771804
  logout: 1512855245861
  lastteleport: 1512851760767
ipAddress: 79.239.34.134
lastlocation:
  world: world
  x: 172.81793125321872
  y: 62.0
  z: 2766.9098573064957
  yaw: -175.36816
  pitch: 51.000107
logoutlocation:
  world: world
  x: -1774.4958270133516
  y: 51.0
  z: 2892.8949731676717
  yaw: -25.226074
  pitch: 7.6493673
homes:
  mc:
    world: world
    x: 1060.110607400306
    y: 56.0
    z: -327.38974397783477
    yaw: 276.7699
    pitch: 11.399717
  home:
    world: world
    x: 1091.1160679782156
    y: 68.0
    z: -149.80229827231392
    yaw: 231.77774
    pitch: 10.95041
  newhome:
    world: world
    x: 171.3217977163726
    y: 88.0
    z: 2749.126192042527
    yaw: 18.553833
    pitch: 36.15015
afk: false
