lastAccountName: iTzSyrix
timestamps:
  login: 1503840101318
  logout: 1503840258725
ipAddress: 91.20.152.78
lastlocation:
  world: world
  x: 241.5
  y: 69.0
  z: -111.5
  yaw: 0.0
  pitch: 0.0
logoutlocation:
  world: farmwelt
  x: -138.5
  y: 72.0
  z: 309.5
  yaw: 3.4501953
  pitch: 5.6793585
