lastAccountName: xIRey
timestamps:
  login: 1509200712826
  lastteleport: 1509201277044
  logout: 1509201384380
ipAddress: 84.133.222.41
lastlocation:
  world: world
  x: 967.2785458769649
  y: 76.20598967398443
  z: 551.5007023236503
  yaw: 6.275116
  pitch: 11.766773
homes:
  home:
    world: world
    x: 617.7554937332388
    y: 26.0
    z: -90.89452748785496
    yaw: 327.8985
    pitch: -1.2000247
  ender:
    world: DIM-100
    x: 1498.995767526717
    y: 84.30730547545434
    z: 199.6035690321026
    yaw: 54.673492
    pitch: 53.255314
  base:
    world: world
    x: 2053.5
    y: 64.0
    z: 6129.5
    yaw: 178.77917
    pitch: 1.6501536
afk: false
logoutlocation:
  world: world
  x: 657.9822832563844
  y: 89.23438800636546
  z: -84.19614797059504
  yaw: 201.59836
  pitch: 7.6500044
