lastAccountName: Perflyst
timestamps:
  login: 1508613302985
  logout: 1508613870003
ipAddress: 91.15.149.195
lastlocation:
  world: world
  x: 914.3000000119209
  y: 76.0
  z: 334.39083787263723
  yaw: -6.75
  pitch: 1.4999999
logoutlocation:
  world: world
  x: 915.1985613974523
  y: 76.0
  z: 331.91362618178323
  yaw: 178.79987
  pitch: 23.85
