lastAccountName: Zisiru
timestamps:
  login: 1514495029087
  logout: 1514501557904
  lastteleport: 1514498800947
ipAddress: 91.3.27.168
lastlocation:
  world: world
  x: 2106.422904044379
  y: 76.0
  z: 7643.437707855085
  yaw: -342.09586
  pitch: 10.325701
logoutlocation:
  world: world
  x: 2243.6398861382568
  y: 8.0
  z: 7602.285455353943
  yaw: 87.299934
  pitch: 5.2499533
homes:
  zisiru:
    world: world
    x: 417.84727436474776
    y: 64.0
    z: 1126.2860313033393
    yaw: -181.02289
    pitch: 30.751081
  home:
    world: world
    x: 411.55457871623497
    y: 56.0
    z: 1123.5305193242277
    yaw: 197.99979
    pitch: 28.199907
afk: false
