lastAccountName: MCLangeweile
timestamps:
  login: 1505920653820
  lastteleport: 1505053603059
  logout: 1505921672359
ipAddress: 91.51.128.22
lastlocation:
  world: world
  x: 1344.699999988079
  y: 43.0
  z: -598.4557996750005
  yaw: -160.49986
  pitch: -3.4872456
homes:
  home:
    world: world
    x: 1347.3470597818134
    y: 69.0
    z: -617.2311664632131
    yaw: 265.63113
    pitch: 14.062434
afk: false
logoutlocation:
  world: world
  x: 1343.5417511593726
  y: 69.0
  z: -627.2208448663971
  yaw: -95.59491
  pitch: 21.33587
