lastAccountName: DominusZach
timestamps:
  login: 1509601923086
  logout: 1509608686978
ipAddress: 89.15.238.123
lastlocation:
  world: world
  x: 914.3000000119209
  y: 76.0
  z: 334.39083787263723
  yaw: -6.75
  pitch: 1.4999999
logoutlocation:
  world: world
  x: 912.3937485273524
  y: 76.0
  z: 337.6229971792317
  yaw: -46.350006
  pitch: 24.599983
