lastAccountName: Nils_Johannsen
timestamps:
  login: 1505655795633
  lastteleport: 1505655781517
  logout: 1505655819433
ipAddress: 93.201.107.169
lastlocation:
  world: farmwelt
  x: -246.1267347759091
  y: 71.0
  z: 176.3543386099998
  yaw: 244.9502
  pitch: 4.950012
logoutlocation:
  world: farmwelt
  x: -77.48831798304822
  y: 71.0
  z: 302.9576703567299
  yaw: 171.89984
  pitch: 13.949951
