lastAccountName: ComfyMomiji
timestamps:
  login: 1504736615161
  logout: 1504740277667
  lastteleport: 1504739311069
ipAddress: 31.17.9.141
lastlocation:
  world: world
  x: 651.4025025648838
  y: 21.0
  z: 250.88674109477347
  yaw: 181.35121
  pitch: 42.749996
logoutlocation:
  world: world
  x: 763.9250000119209
  y: 65.0
  z: 224.9070250715014
  yaw: 79.1998
  pitch: 32.100018
homes:
  home:
    world: world
    x: 651.4025025648838
    y: 21.0
    z: 250.88674109477347
    yaw: 181.35121
    pitch: 42.749996
afk: false
