lastAccountName: meepLp
timestamps:
  login: 1514400874830
  lastteleport: 1514306514042
  logout: 1514402188607
ipAddress: 77.20.255.220
lastlocation:
  world: world
  x: 1857.5687089912112
  y: 68.25228134347137
  z: 2930.721633553886
  yaw: -21.619934
  pitch: 16.800282
logoutlocation:
  world: world
  x: 1840.2278825194792
  y: 72.45380136630996
  z: 2908.6829149357986
  yaw: 198.55945
  pitch: 73.35019
homes:
  base:
    world: world
    x: 2046.5
    y: 52.0
    z: 3119.5
    yaw: 294.418
    pitch: 36.750145
  quarry:
    world: DIM-1
    x: -295.14367849552576
    y: 128.0
    z: -253.88126251633884
    yaw: -149.27754
    pitch: 25.050245
  yell:
    world: farmwelt
    x: 987.5222710925984
    y: 13.0
    z: 299.6926979420247
    yaw: -28.049927
    pitch: 43.650047
afk: false
