lastAccountName: KredoxTV
timestamps:
  login: 1507838950511
  logout: 1507839793796
ipAddress: 95.90.253.21
lastlocation:
  world: world
  x: 914.3000000119209
  y: 76.0
  z: 334.39083787263723
  yaw: -6.75
  pitch: 1.4999999
logoutlocation:
  world: world
  x: 322.4688462098821
  y: 70.0
  z: 388.7357068999961
  yaw: 95.046005
  pitch: 12.83098
afk: false
