lastAccountName: habslps
timestamps:
  login: 1508007795104
  lastteleport: 1508017218238
  logout: 1508018553496
ipAddress: 79.200.225.105
lastlocation:
  world: world
  x: 914.5
  y: 76.0
  z: 334.5
  yaw: 0.0
  pitch: 0.0
afk: false
logoutlocation:
  world: world
  x: 1984.8532400790277
  y: 71.14350078402309
  z: 7.722081811556164
  yaw: -169.94843
  pitch: -6.599985
