lastAccountName: HamsterBall
timestamps:
  login: 1505046559973
  logout: 1505048694529
ipAddress: 78.42.147.58
lastlocation:
  world: world
  x: 241.5
  y: 69.0
  z: -111.5
  yaw: 0.0
  pitch: 0.0
logoutlocation:
  world: world
  x: 916.9277706920506
  y: 76.0
  z: 331.2605907020036
  yaw: 25.421947
  pitch: 67.9214
afk: false
