lastAccountName: Avartos
timestamps:
  login: 1505404595299
  lastteleport: 1505408436530
  logout: 1505411978067
ipAddress: 80.139.211.60
lastlocation:
  world: world
  x: 993.4154880300059
  y: 15.0
  z: 251.5513269820138
  yaw: 92.70752
  pitch: 5.8500094
logoutlocation:
  world: world
  x: 1317.4115154124515
  y: 44.0
  z: 485.06108272912184
  yaw: 29.70581
  pitch: 21.599966
afk: false
