lastAccountName: FaxenBaxe
timestamps:
  login: 1503828316781
  logout: 1503828913885
ipAddress: 93.223.199.217
lastlocation:
  world: world
  x: 241.5
  y: 69.0
  z: -111.5
  yaw: 0.0
  pitch: 0.0
logoutlocation:
  world: world
  x: 918.8094803579232
  y: 76.0
  z: 326.77307238487117
  yaw: -263.99884
  pitch: 22.949898
