lastAccountName: itz_W0lfy
timestamps:
  login: 1505051056562
  logout: 1505053989598
  lastteleport: 1505053150869
ipAddress: 217.84.177.233
lastlocation:
  world: world
  x: 1580.7847607743022
  y: 72.0
  z: 2818.3101860150327
  yaw: -248.92175
  pitch: 27.90003
logoutlocation:
  world: world
  x: 2158.699999988079
  y: 53.0
  z: 3448.3270341202406
  yaw: 243.22949
  pitch: 50.24966
homes:
  home:
    world: world
    x: 2117.022011172511
    y: 144.0
    z: 3436.473786475244
    yaw: -89.368416
    pitch: 9.869952
