lastAccountName: ghost_330
timestamps:
  login: 1508750406289
  logout: 1508750575393
ipAddress: 79.229.67.121
lastlocation:
  world: world
  x: 914.3000000119209
  y: 76.0
  z: 334.39083787263723
  yaw: -6.75
  pitch: 1.4999999
logoutlocation:
  world: world
  x: 1370.8295626831969
  y: 71.0
  z: -164.83919684357627
  yaw: -5.2348595
  pitch: 21.14494
