lastAccountName: ChrisPBac0n
timestamps:
  login: 1505762851219
  logout: 1505763125234
ipAddress: 178.83.184.5
lastlocation:
  world: world
  x: 914.3000000119209
  y: 76.0
  z: 334.39083787263723
  yaw: -6.75
  pitch: 1.4999999
logoutlocation:
  world: world
  x: 952.996135488044
  y: 70.0
  z: 259.69367807197375
  yaw: -272.39996
  pitch: 10.94999
