lastAccountName: LOADGame
timestamps:
  login: 1508941605182
  lastteleport: 1508861699190
  logout: 1508943107924
ipAddress: 84.157.159.179
lastlocation:
  world: world
  x: 428.09396022596127
  y: 31.904149094818013
  z: 1140.4814820847766
  yaw: 245.0365
  pitch: 17.78789
logoutlocation:
  world: world
  x: 1890.008814036641
  y: 83.13519344779621
  z: 6130.5080987103465
  yaw: -60.483032
  pitch: 31.950031
afk: false
homes:
  home:
    world: world
    x: 814.7557904334407
    y: 62.0
    z: 273.3073569225268
    yaw: 89.24988
    pitch: 0.89997923
  xi:
    world: world
    x: 614.1117216333023
    y: 73.0
    z: -52.876004782351856
    yaw: -144.75067
    pitch: 44.249866
  me:
    world: world
    x: 618.6092560185692
    y: 26.0
    z: -87.47637740566422
    yaw: 194.81198
    pitch: 49.061043
  base:
    world: world
    x: 2073.9843928336286
    y: 62.0
    z: 6095.634206402063
    yaw: -88.52144
    pitch: 36.749996
