lastAccountName: Sheepards
timestamps:
  login: 1505049452615
  logout: 1505053922606
  lastteleport: 1505049091000
ipAddress: 31.18.253.99
lastlocation:
  world: world
  x: 1561.4135865710605
  y: 107.0
  z: 2798.3309607785486
  yaw: -306.6842
  pitch: 7.04993
logoutlocation:
  world: world
  x: 2155.513497423589
  y: 56.0
  z: 3448.699999988079
  yaw: -90.831055
  pitch: 51.152924
afk: false
homes:
  home:
    world: world
    x: 2120.4433381228964
    y: 144.0
    z: 3437.6788690841345
    yaw: -180.54785
    pitch: 36.933517
