lastAccountName: _Grubii_
timestamps:
  login: 1513959585053
  lastteleport: 1507459797343
  logout: 1513965084122
ipAddress: 93.254.171.198
lastlocation:
  world: DIM-112
  x: 197.23393356748946
  y: 68.6139240551553
  z: 151.62373699519384
  yaw: 352.34995
  pitch: 9.299969
logoutlocation:
  world: world
  x: 978.220303283622
  y: 57.0
  z: 473.11395806589377
  yaw: -10.153809
  pitch: 21.449953
afk: false
homes:
  quarry:
    world: farmwelt
    x: -392.0002502669751
    y: 70.0
    z: 156.6808787640149
    yaw: 354.0047
    pitch: 47.09999
  home:
    world: world
    x: 1007.3138278657171
    y: 76.0
    z: 502.42880582627885
    yaw: 175.40332
    pitch: 24.150084
  nether:
    world: DIM-1
    x: 110.04222560303704
    y: 77.875
    z: 30.300000011920925
    yaw: -16.94989
    pitch: 14.85002
