lastAccountName: XStreikerX
timestamps:
  login: 1505638979370
  lastteleport: 1505164304384
  logout: 1505639215626
ipAddress: 95.90.215.176
lastlocation:
  world: world
  x: 867.6568747052281
  y: 34.0
  z: 275.8088331818364
  yaw: 115.35037
  pitch: 34.500046
afk: false
logoutlocation:
  world: world
  x: 1334.1736480550674
  y: 69.0
  z: -623.9085004832655
  yaw: -13.94928
  pitch: 36.15007
