lastAccountName: die_Leni
timestamps:
  login: 1505320558839
  logout: 1505321590195
ipAddress: 93.255.105.158
lastlocation:
  world: world
  x: 914.3000000119209
  y: 76.0
  z: 334.39083787263723
  yaw: -6.75
  pitch: 1.4999999
logoutlocation:
  world: world
  x: 1793.7997159015267
  y: 71.0
  z: 438.9254642113947
  yaw: -313.2105
  pitch: 11.249975
