lastAccountName: F3lixx231
timestamps:
  login: 1505999456117
  logout: 1506000964588
ipAddress: 77.187.209.81
lastlocation:
  world: world
  x: 914.3000000119209
  y: 76.0
  z: 334.39083787263723
  yaw: -6.75
  pitch: 1.4999999
logoutlocation:
  world: world
  x: 611.820758572257
  y: 63.0
  z: -44.387298570891915
  yaw: -105.74742
  pitch: -6.9000106
