lastAccountName: dermarc99
timestamps:
  login: 1514503874969
  lastteleport: 1514506567857
  logout: 1514503862868
ipAddress: 84.57.184.24
lastlocation:
  world: world
  x: -16.985486608499127
  y: 83.0
  z: 1485.5702782388448
  yaw: -19.204712
  pitch: 3.0000007
homes:
  home:
    world: world
    x: -16.49049455319855
    y: 83.0
    z: 1477.4413074602785
    yaw: -179.40465
    pitch: 89.399994
  quarry:
    world: Farmwelt
    x: -1499.2876737863978
    y: 102.0
    z: 501.86355012660204
    yaw: -185.55247
    pitch: 63.600025
  back:
    world: world
    x: -37.75476063287219
    y: 25.0
    z: 1486.9417044567026
    yaw: -127.953766
    pitch: 19.049923
afk: false
logoutlocation:
  world: world
  x: -14.656789104498058
  y: 83.0
  z: 1480.43256687381
  yaw: -177.9048
  pitch: 31.049982
