lastAccountName: Domik
timestamps:
  login: 1510729541177
  logout: 1510730477741
ipAddress: 5.146.215.175
lastlocation:
  world: world
  x: 914.3000000119209
  y: 76.0
  z: 334.39083787263723
  yaw: -6.75
  pitch: 1.4999999
logoutlocation:
  world: world
  x: 925.142248145086
  y: 64.0
  z: -88.20440848297505
  yaw: 237.14944
  pitch: 14.700141
