lastAccountName: Blackblade_
timestamps:
  login: 1508229826697
  lastteleport: 1508232102658
  logout: 1508233742821
ipAddress: 85.233.30.57
lastlocation:
  world: Farmwelt
  x: -54.30000001192093
  y: 22.0
  z: 279.5790853290019
  yaw: 270.15152
  pitch: -37.800087
homes:
  home:
    world: world
    x: 1128.6085041460383
    y: 70.0
    z: 1693.351398261551
    yaw: -6.8987527
    pitch: 12.000015
logoutlocation:
  world: world
  x: 1126.1832115773136
  y: 70.0
  z: 1690.986670586668
  yaw: 204.45222
  pitch: 23.099981
