lastAccountName: Sentaku_Tetsuya
timestamps:
  login: 1506459582558
  logout: 1506460303581
  lastteleport: 1506459901954
ipAddress: 93.209.37.75
lastlocation:
  world: world
  x: 1384.291792062989
  y: 72.0
  z: -545.6403060290941
  yaw: -37.17453
  pitch: 12.150689
logoutlocation:
  world: world
  x: 871.342642407394
  y: 19.0
  z: 246.68554589758105
  yaw: 125.549164
  pitch: 6.3000374
homes:
  heim:
    world: world
    x: 1344.4731096194007
    y: 69.0
    z: -628.1505412924931
    yaw: -1.4726562
    pitch: 20.85043
afk: false
