lastAccountName: Jarky
timestamps:
  login: 1511631421186
  logout: 1511631721080
ipAddress: 87.157.230.31
lastlocation:
  world: world
  x: 914.3000000119209
  y: 76.0
  z: 334.39083787263723
  yaw: -6.75
  pitch: 1.4999999
logoutlocation:
  world: world
  x: 902.6358068327175
  y: 37.0
  z: -239.2203225480683
  yaw: -129.4644
  pitch: 18.951181
