lastAccountName: EmmaZagel
timestamps:
  login: 1503512443983
  lastteleport: 1503512537261
  logout: 1503512628978
ipAddress: 87.177.114.157
afk: false
lastlocation:
  world: world
  x: 843.566845815035
  y: 96.18453778979683
  z: 299.6910860900955
  yaw: 278.78888
  pitch: 51.900032
logoutlocation:
  world: world
  x: 863.0833917064743
  y: 43.0
  z: 221.8080091172347
  yaw: 91.80054
  pitch: 48.00002
godmode: true
