lastAccountName: Dragoran1998
timestamps:
  login: 1514486606570
  logout: 1514241615919
  lastteleport: 1514494037959
ipAddress: 87.152.221.169
lastlocation:
  world: world
  x: 1131.300000011921
  y: 20.0
  z: 106.27920645655668
  yaw: -0.2977295
  pitch: 56.100433
logoutlocation:
  world: world
  x: 947.3000000119209
  y: 70.0
  z: 79.30000001192093
  yaw: -41.55103
  pitch: 7.3499856
afk: false
