lastAccountName: TheKeyblade
timestamps:
  login: 1504023860350
  logout: 1504029708952
  lastteleport: 1504028957276
ipAddress: 88.69.94.162
lastlocation:
  world: world
  x: 3105.8624369770537
  y: 72.0
  z: 721.1808856015599
  yaw: -210.65857
  pitch: 31.200277
logoutlocation:
  world: world
  x: 1465.5084444398246
  y: 67.0
  z: -407.40676909789573
  yaw: -6.493164
  pitch: 28.950005
homes:
  home:
    world: world
    x: 1465.394907269596
    y: 63.0
    z: -408.7757532583688
    yaw: -358.59668
    pitch: 34.79954
