lastAccountName: n4pZ
timestamps:
  login: 1503766692422
  logout: 1503768097856
  lastteleport: 1503767929388
ipAddress: 185.22.142.232
lastlocation:
  world: world
  x: 1158.6499598252778
  y: 58.0
  z: 389.42133823978764
  yaw: 216.6073
  pitch: -7.1999784
logoutlocation:
  world: farmwelt
  x: -220.09606480714126
  y: 70.0
  z: 239.9044152100342
  yaw: -60.748535
  pitch: 13.800034
homes:
  home:
    world: world
    x: 1156.0920249210592
    y: 58.0
    z: 392.53300304035236
    yaw: -57.89209
    pitch: 11.700011
