lastAccountName: Hundieee
timestamps:
  login: 1513613176718
  logout: 1513613242338
ipAddress: 46.128.169.142
lastlocation:
  world: world
  x: 914.3000000119209
  y: 76.0
  z: 334.39083787263723
  yaw: -6.75
  pitch: 1.4999999
logoutlocation:
  world: world
  x: 915.4411286011524
  y: 76.0
  z: 333.67519620887805
  yaw: 205.95047
  pitch: 9.299984
