afk: false
lastAccountName: xTimon97
timestamps:
  login: 1501959003698
  logout: 1501959524015
ipAddress: 127.0.0.1
logoutlocation:
  world: starwars
  x: -5.90990718328127
  y: 84.49727989251731
  z: 28.379924898340235
  yaw: -123.60128
  pitch: 1.9500096
