lastAccountName: Wakarana
timestamps:
  login: 1507113885960
  logout: 1507113902684
ipAddress: 188.100.187.10
lastlocation:
  world: world
  x: 914.3000000119209
  y: 76.0
  z: 334.39083787263723
  yaw: -6.75
  pitch: 1.4999999
logoutlocation:
  world: world
  x: 1831.979186477371
  y: 70.0
  z: 755.3456933830906
  yaw: 94.95038
  pitch: 11.700055
