lastAccountName: Maraxos
timestamps:
  login: 1507418025122
  logout: 1507421570529
ipAddress: 88.152.51.97
lastlocation:
  world: world
  x: 914.3000000119209
  y: 76.0
  z: 334.39083787263723
  yaw: -6.75
  pitch: 1.4999999
logoutlocation:
  world: world
  x: 915.9100411005937
  y: 84.5
  z: 332.58815853267043
  yaw: -188.70096
  pitch: 32.898518
