lastAccountName: Laxy_GT
timestamps:
  login: 1511549566162
  logout: 1511550017475
  lastteleport: 1509279218438
ipAddress: 95.222.25.249
lastlocation:
  world: world
  x: 1660.0506409945879
  y: 67.0
  z: -393.7289109148513
  yaw: 84.44975
  pitch: 7.4999895
logoutlocation:
  world: world
  x: 1442.9964484410932
  y: 53.0
  z: -359.05627297324395
  yaw: 82.79657
  pitch: 12.600246
afk: false
