lastAccountName: DeniseValeska
timestamps:
  login: 1506984709144
  logout: 1506992979144
  lastteleport: 1506992363589
ipAddress: 192.168.178.106
lastlocation:
  world: world
  x: 1654.25710066758
  y: 63.0
  z: 582.9563463105434
  yaw: 158.85107
  pitch: 32.70001
logoutlocation:
  world: world
  x: 515.7562601133345
  y: 64.0
  z: 974.9387677179393
  yaw: 201.45435
  pitch: 54.299946
afk: false
