jails: 
  jail: 
    world: world
    x: 635.6741973794201
    y: 67.0
    z: 1274.836210349681
    yaw: -263.88486
    pitch: 3.899991
