world: Farmwelt
x: -15.591557531217124
y: 64.0
z: 208.30000001192093
yaw: 187.19994
pitch: 54.599995
name: farm
